seq01_02/frame-000000 -0.49543864 0.71748674 -0.37619793 0.31341425 -0.31692556 -0.69235444 1.60224
seq01_02/frame-000010 -0.5363015 0.69929284 -0.35325274 0.31397894 -0.30271602 -0.6630107 1.60752
seq01_02/frame-000020 -0.59764034 0.63812095 -0.32975724 0.3562132 -0.2864684 -0.62412363 1.59353
seq01_02/frame-000030 0.6227569 -0.6086475 0.31478533 -0.37766677 -0.24756266 -0.63833547 1.60985
seq01_02/frame-000040 0.6301865 -0.6093125 0.29840785 -0.37756592 -0.15975097 -0.6739669 1.6075
seq01_02/frame-000050 0.7414247 -0.46398684 0.20879424 -0.43750504 0.43682072 -1.0959351 1.63505
seq01_02/frame-000060 0.7236922 -0.5008984 0.21859534 -0.42141008 0.43985447 -0.86717963 1.64181
seq01_02/frame-000070 0.76121366 -0.4402318 0.18157469 -0.4402049 0.49243465 -0.7321235 1.64265
seq01_02/frame-000080 0.82220894 -0.28321898 0.13857557 -0.47387367 0.27824706 -0.7968797 1.65842
seq01_02/frame-000090 0.8257158 -0.27441484 0.0971986 -0.48315877 0.357513 -0.8186989 1.63477
seq01_02/frame-000100 0.8486912 -0.23748268 0.09064726 -0.46379763 0.4500883 -0.7890941 1.62215
seq01_02/frame-000110 0.8469503 -0.2965751 0.10085356 -0.4295893 0.5692292 -0.8098354 1.61522
seq01_02/frame-000120 0.8264307 -0.3651289 0.15435405 -0.39983508 0.6677744 -0.8720765 1.63132
seq01_02/frame-000130 0.8176138 -0.38604677 0.15238474 -0.39906698 0.78391856 -0.9804339 1.62046
seq01_02/frame-000140 0.8020091 -0.44054073 0.16367663 -0.3686668 1.0373385 -0.96101993 1.61517
seq01_02/frame-000150 0.7562962 -0.5358611 0.19809955 -0.31878752 0.8013175 -0.9992022 1.59328
seq01_02/frame-000160 -0.6612725 0.66813844 -0.22894573 0.25277165 0.83854645 -1.0214492 1.60158
seq01_02/frame-000170 -0.60894006 0.71712923 -0.25446767 0.22397284 0.8695069 -1.0767564 1.59073
seq01_02/frame-000180 -0.61033756 0.7041582 -0.2650868 0.24774647 0.92445445 -1.035441 1.61563
seq01_02/frame-000190 -0.60108477 0.68221694 -0.29503393 0.29365304 0.9698546 -1.1299374 1.60543
seq01_02/frame-000200 -0.6254674 0.67172366 -0.29745477 0.26286596 1.0416964 -1.1471958 1.64595
seq01_02/frame-000210 -0.6390456 0.64403653 -0.29741085 0.2972952 1.0993387 -1.2508589 1.63181
seq01_02/frame-000220 -0.61274755 0.66233414 -0.32414955 0.2842199 1.2377349 -1.405532 1.61192
seq01_02/frame-000230 -0.5411442 0.7189805 -0.33846715 0.2750818 1.4059483 -1.5203892 1.51427
seq01_02/frame-000240 -0.6336822 0.6741187 -0.2633501 0.27323538 1.6095054 -1.5318853 1.58815
seq01_02/frame-000250 0.7092564 -0.6033953 0.22493038 -0.2868375 1.7037724 -1.5657107 1.55019
seq01_02/frame-000260 0.75632954 -0.5186968 0.18016998 -0.35560942 1.7720875 -1.5822943 1.55359
seq01_02/frame-000270 0.8053008 -0.3972513 0.15531446 -0.41177604 1.9023151 -1.5515491 1.59306
seq01_02/frame-000280 0.84803843 -0.31331545 0.10609589 -0.41401434 2.0785203 -1.5047272 1.62032
seq01_02/frame-000290 0.88945967 -0.2096016 0.048356663 -0.4032249 2.2074857 -1.4456182 1.62429
seq01_02/frame-000300 0.8990701 -0.11906662 0.016526882 -0.42097867 2.2818124 -1.4109347 1.60875
seq01_02/frame-000310 0.9143629 -0.067873806 0.0071105463 -0.39910287 2.347682 -1.3243018 1.60476
seq01_02/frame-000320 -0.5897265 0.6687925 -0.35626978 0.27930465 1.340746 -0.023139974 1.52174
seq01_02/frame-000330 0.35754916 0.1345558 0.405483 0.8304438 1.8196638 -0.9005469 -1.1936
seq01_02/frame-000340 0.27686688 0.20213631 0.66194755 0.66656667 1.640522 -0.103432894 -1.13068
seq01_02/frame-000350 0.86836237 -0.41352943 0.08770659 -0.25932184 2.1778867 -1.5142856 1.54726
seq01_02/frame-000360 -0.654563 0.6576854 -0.29069024 0.2334446 1.7725718 -0.1378904 1.52403
seq01_02/frame-000370 0.36759642 0.20525016 0.5100769 0.7500445 1.9606583 0.037183844 -1.13645
seq01_02/frame-000380 0.8744452 0.09269439 -0.10571388 -0.46430364 2.5551424 -0.5189749 1.60476
seq01_02/frame-000390 0.23165631 -0.21486111 0.9139801 0.2545788 1.4327248 -1.8283434 -0.97611
seq01_02/frame-000400 -0.21192147 0.52985543 0.0023979489 0.8211801 1.6725879 -2.262239 0.298234
seq01_02/frame-000410 0.8505179 -0.06405705 0.051517975 -0.5194823 2.4110389 -0.98824126 1.53876
seq01_02/frame-000420 0.8971464 -0.08509633 0.13961478 -0.41035917 2.401602 -1.0144799 1.53395
seq01_02/frame-000430 0.87700564 -0.24542497 0.12361405 -0.39414117 2.3952887 -1.2225082 1.6054
seq01_02/frame-000440 0.8227264 -0.32037896 0.19055712 -0.42914632 2.31047 -1.3662412 1.62086
seq01_02/frame-000450 0.79165417 -0.35010576 0.19631705 -0.46061832 2.2279575 -1.5182638 1.64375
seq01_02/frame-000460 0.746409 -0.3089269 0.21497144 -0.54883975 2.1132514 -1.5847949 1.70468
seq01_02/frame-000470 0.6885438 -0.3076978 0.26568577 -0.60053355 1.9621022 -1.5439459 1.74347
seq01_02/frame-000480 0.6199888 -0.39751416 0.3471943 -0.58056223 1.8181008 -1.4919738 1.78948
seq01_02/frame-000490 0.56718373 -0.43917283 0.42435637 -0.5525862 1.7222418 -1.5471114 1.81989
seq01_02/frame-000500 0.5415556 -0.4962419 0.4557396 -0.50275534 1.6371111 -1.6137327 1.79921
seq01_02/frame-000510 0.5848634 -0.52617043 0.43255746 -0.44042423 1.5973028 -1.5897056 1.78111
seq01_02/frame-000520 0.6056399 -0.5667278 0.39272413 -0.3972249 1.5913655 -1.6071587 1.69584
seq01_02/frame-000530 -0.58273727 0.62481076 -0.3912982 0.34192768 1.6044676 -1.6544274 1.69289
seq01_02/frame-000540 -0.5238909 0.6337141 -0.43580517 0.36608553 1.604459 -1.711176 1.70141
seq01_02/frame-000550 -0.5903521 0.6149499 -0.3444034 0.39332855 1.6347208 -1.7156466 1.67893
seq01_02/frame-000560 0.6684823 -0.615829 0.23879887 -0.34184954 1.7041751 -1.7238665 1.60025
seq01_02/frame-000570 0.6651973 -0.61861527 0.23589098 -0.34522906 1.7321895 -1.8273258 1.58548
seq01_02/frame-000580 0.6469337 -0.6240413 0.26739392 -0.34720278 1.8042566 -1.9331647 1.58984
seq01_02/frame-000590 0.6598533 -0.59213686 0.25125524 -0.3883792 1.8506544 -2.0740507 1.58951
seq01_02/frame-000600 0.7265526 -0.50343806 0.20998688 -0.41782412 1.884124 -2.2212012 1.56647
seq01_02/frame-000610 0.7261623 -0.442846 0.21384914 -0.48046252 1.9099237 -2.2958336 1.62149
seq01_02/frame-000620 0.68916136 -0.41970575 0.28871375 -0.51531357 1.9038321 -2.3241355 1.67521
seq01_02/frame-000630 0.69466853 -0.42357048 0.28739503 -0.50539863 1.9121827 -2.3473482 1.70126
seq01_02/frame-000640 0.7084193 -0.4780225 0.22985764 -0.46562007 1.9600257 -2.4243133 1.63636
seq01_02/frame-000650 0.68146163 -0.55547255 0.22314404 -0.4210309 1.9271002 -2.450287 1.59136
seq01_02/frame-000660 0.6368604 -0.6231173 0.27796316 -0.35898486 1.9397423 -2.336602 1.53614
seq01_02/frame-000670 -0.46247363 0.75307167 -0.38443643 0.26685166 1.9433589 -2.233328 1.6009
seq01_02/frame-000680 -0.3015302 0.82472247 -0.44709924 0.17033681 1.9813337 -2.1236868 1.60882
seq01_02/frame-000690 -0.2192028 0.8372794 -0.485228 0.12436711 2.0441504 -2.1107202 1.6271
seq01_02/frame-000700 -0.14720885 0.84849703 -0.5013655 0.08375543 2.104032 -2.1162782 1.65517
seq01_02/frame-000710 -0.076755315 0.8520033 -0.51587105 0.045564704 2.1415193 -2.0632763 1.6601
seq01_02/frame-000720 0.017694898 0.8651011 -0.49838445 0.05385086 2.2182379 -1.9601738 1.6351
seq01_02/frame-000730 -0.012847172 0.8974451 -0.43368053 0.079677515 2.289778 -1.9278549 1.61239
seq01_02/frame-000740 -0.10067719 0.9303835 -0.34025213 0.09208197 2.2825282 -1.93798 1.56749
seq01_02/frame-000750 -0.20413645 0.93773335 -0.262708 0.09984459 2.2419689 -1.958141 1.58251
seq01_02/frame-000760 -0.34065914 0.906165 -0.241531 0.066926055 2.221144 -1.9957254 1.60325
seq01_02/frame-000770 -0.34948143 0.89196545 -0.25656277 0.12820253 2.1598136 -1.9430532 1.546
seq01_02/frame-000780 -0.4228573 0.8548069 -0.25516593 0.15933374 1.895858 -2.014643 1.56727
seq01_02/frame-000790 -0.39629126 0.8443303 -0.33898458 0.12308132 1.7698758 -1.913357 1.5196
seq01_02/frame-000800 -0.32607982 0.86237234 -0.3706593 0.11223886 1.6125441 -1.875348 1.52432
seq01_02/frame-000810 -0.26125777 0.87126166 -0.39462197 0.13008086 1.4659268 -1.8740017 1.55419
seq01_02/frame-000820 -0.21508105 0.8729555 -0.4161107 0.13616449 1.3247954 -1.9027531 1.56054
seq01_02/frame-000830 -0.19762951 0.85670346 -0.45790434 0.13162589 1.1878101 -1.9131523 1.59081
seq01_02/frame-000840 -0.21025401 0.8694676 -0.42064878 0.15124112 1.1453706 -1.9067616 1.60544
seq01_02/frame-000850 -0.29868463 0.89195323 -0.30777764 0.14310797 1.2339013 -1.8680363 1.51592
seq01_02/frame-000860 -0.42260963 0.8552867 -0.250545 0.16466016 1.3211161 -1.7843709 1.47916
seq01_02/frame-000870 0.72860056 -0.6309444 0.11188963 -0.24193206 1.0837418 -1.6118214 1.47324
seq01_02/frame-000880 0.83267635 0.49341932 -0.18069442 -0.17474845 1.4280512 -1.3275211 1.46657
seq01_02/frame-000890 0.848301 -0.49434692 0.043881845 -0.18461026 1.1501312 -1.690452 1.43988
seq01_02/frame-000900 0.80283767 0.5630749 -0.14224008 -0.13478169 1.3896248 -1.4106475 1.42931
seq01_02/frame-000910 0.5740667 0.79155374 -0.18545996 -0.09744092 1.4426808 -1.321343 1.41701
seq01_02/frame-000920 -0.19535539 0.97140276 -0.123895004 0.053506404 1.1304213 -1.4461946 1.37981
seq01_02/frame-000930 -0.19464546 0.9746746 -0.10283427 0.039341256 1.1680686 -1.4289563 1.35849
seq01_02/frame-000940 0.7105267 -0.6324625 0.24881333 -0.18230441 1.3328741 -1.9267402 1.71368
seq01_02/frame-000950 -0.5570757 0.70605224 -0.33417013 0.2819348 1.4295083 -1.8534104 1.5719
seq01_02/frame-000960 0.7136995 -0.61881053 0.22017287 -0.243373 1.5865827 -1.6747365 1.61699
seq01_02/frame-000970 0.87723655 -0.37435037 0.09676906 -0.28452352 1.7069622 -1.6020145 1.53803
seq01_02/frame-000980 0.92093134 -0.26956806 0.051074214 -0.276785 1.8080952 -1.6060065 1.52058
seq01_02/frame-000990 0.91774184 -0.30410963 0.077777825 -0.2433473 1.7483797 -1.4590151 1.51918
seq01_02/frame-001000 0.8751857 -0.41014588 0.13670434 -0.21712247 1.879179 -1.5020276 1.46961
seq01_02/frame-001010 0.87091684 -0.3774858 0.15166599 -0.27569142 2.101166 -1.4848766 1.50326
seq01_02/frame-001020 0.8932278 -0.2775259 0.10058445 -0.33912572 2.2797368 -1.3939054 1.54182
seq01_02/frame-001030 0.8794572 -0.2586999 0.11179146 -0.383578 2.4413846 -1.2236291 1.56924
seq01_02/frame-001040 0.83180714 -0.33895767 0.18665853 -0.3979487 2.4980454 -0.99656767 1.59745
seq01_02/frame-001050 0.8010306 -0.40735698 0.21126465 -0.38441852 2.7086582 -0.85040605 1.60727
seq01_02/frame-001060 0.7208401 -0.49358717 0.26894423 -0.40550005 2.7919571 -0.69145447 1.66272
seq01_02/frame-001070 0.6505085 -0.54577106 0.35161638 -0.39413005 2.8118868 -0.59486955 1.68712
seq01_02/frame-001080 -0.55695075 0.57751775 -0.3979356 0.44488913 2.7748284 -0.5419767 1.7007
seq01_02/frame-001090 0.54119664 -0.51780796 0.4554423 -0.48119995 2.7463489 -0.583273 1.7522
seq01_02/frame-001100 0.51542175 -0.47984564 0.5154417 -0.48827082 2.7153714 -0.57625806 1.83715
seq01_02/frame-001110 0.46183884 -0.418741 0.5723618 -0.5326939 2.7239451 -0.58108145 1.86577
seq01_02/frame-001120 0.38332996 -0.4850967 0.63260585 -0.4664217 2.8217418 -0.54506624 1.8968
seq01_02/frame-001130 -0.39503074 0.6676093 -0.56016725 0.29062214 3.046545 -0.4985882 1.80186
seq01_02/frame-001140 -0.43940827 0.7523877 -0.43845758 0.22042708 3.099095 -0.5518839 1.67765
seq01_02/frame-001150 -0.4497567 0.79728836 -0.373111 0.1511237 3.1036553 -0.55143386 1.53769
seq01_02/frame-001160 -0.36298618 0.8413391 -0.39590403 0.060411014 3.068052 -0.5203283 1.48303
seq01_02/frame-001170 -0.38413668 0.8696493 -0.30926326 0.02248019 3.0824318 -0.5387566 1.43629
seq01_02/frame-001180 -0.364819 0.8755938 -0.31396806 0.04082542 3.0873203 -0.5421877 1.4354
seq01_02/frame-001190 -0.291425 0.8299088 -0.44882387 0.15773389 2.999336 -0.57388204 1.53283
seq01_02/frame-001200 -0.27538714 0.78525794 -0.5094014 0.21918502 2.945287 -0.6204897 1.67855
seq01_02/frame-001210 -0.2805388 0.7334402 -0.5551605 0.27415362 2.9247248 -0.61398065 1.70342
seq01_02/frame-001220 -0.29636928 0.6551884 -0.61965007 0.314527 2.9221313 -0.5832515 1.73648
seq01_02/frame-001230 0.28503326 -0.60376704 0.6725537 -0.3192067 2.9175055 -0.5550674 1.80055
seq01_02/frame-001240 0.23859873 -0.5084699 0.7444952 -0.36090976 2.887151 -0.5434556 1.83661
seq01_02/frame-001250 0.18540794 -0.46301627 0.7942478 -0.34700185 2.8077161 -0.5755323 1.87278
seq01_02/frame-001260 0.13725108 -0.4706267 0.8240335 -0.2839743 2.7306852 -0.6353946 1.87752
seq01_02/frame-001270 0.057329457 -0.5414003 0.82420635 -0.15582992 2.651515 -0.727527 1.87403
seq01_02/frame-001280 0.024967887 -0.6108639 0.7902742 -0.041092556 2.5553648 -0.831607 1.85812
seq01_02/frame-001290 -0.048905462 -0.66723 0.7426195 0.030474449 2.4861274 -0.97295785 1.83782
seq01_02/frame-001300 -0.112837516 -0.69998145 0.70143706 0.07266165 2.4565063 -1.1887658 1.81961
seq01_02/frame-001310 0.07036365 0.7110963 -0.69792956 -0.047805484 2.4786983 -1.3280499 1.80026
seq01_02/frame-001320 -0.011097923 0.774077 -0.6320517 0.034528267 2.4677103 -1.4647382 1.76019
seq01_02/frame-001330 -0.027887072 0.85747504 -0.51312816 0.025657974 2.401526 -1.5942521 1.68005
seq01_02/frame-001340 0.05116719 0.89374715 -0.4455082 0.010973734 2.2657216 -1.617015 1.59558
seq01_02/frame-001350 0.1129243 0.92512256 -0.36247033 -0.0034136437 2.1884444 -1.6598552 1.54352
seq01_02/frame-001360 0.16468848 0.92327935 -0.34562725 -0.031220527 2.1265438 -1.6640773 1.53834
seq01_02/frame-001370 0.14803371 0.93007886 -0.3358806 -0.014951291 2.1524954 -1.6759722 1.50981
seq01_02/frame-001380 0.024763053 0.92820954 -0.36493772 0.068075895 2.2205698 -1.6912432 1.52129
seq01_02/frame-001390 0.054564655 0.89530385 -0.4412726 -0.027059581 2.2163913 -1.6845526 1.54541
seq01_02/frame-001400 0.2542018 0.8365685 -0.47634655 -0.092890136 2.0628643 -1.6663213 1.58179
seq01_02/frame-001410 0.35411492 0.77293897 -0.4913674 -0.18901347 1.999565 -1.7401681 1.64515
seq01_02/frame-001420 0.3535581 0.71635544 -0.5515556 -0.24003753 1.9736788 -1.8204674 1.70902
seq01_02/frame-001430 0.3288264 0.6704859 -0.6287373 -0.21682075 1.930721 -1.8291112 1.7703
seq01_02/frame-001440 -0.26287746 -0.63727134 0.6947415 0.2052192 1.891603 -1.837656 1.79871
seq01_02/frame-001450 -0.2222955 -0.60736865 0.72856903 0.22555529 1.7606161 -1.8042054 1.82185
seq01_02/frame-001460 -0.26577547 -0.6333962 0.68309593 0.24809796 1.7017734 -1.8197289 1.81727
seq01_02/frame-001470 0.30269098 0.78465164 -0.51586115 -0.16305597 1.6014398 -1.8658975 1.67456
seq01_02/frame-001480 0.33066761 0.84278035 -0.3968293 -0.15134956 1.5748792 -1.9142754 1.60323
seq01_02/frame-001490 0.36802882 0.8447118 -0.36402714 -0.13601837 1.5444914 -1.9026186 1.56737
seq01_02/frame-001500 0.45136374 0.80055773 -0.34654805 -0.18783638 1.4988681 -1.8611132 1.55832
seq01_02/frame-001510 0.5302176 0.7750221 -0.3041066 -0.1604033 1.4464506 -1.8119279 1.54718
seq01_02/frame-001520 0.55645907 0.79426605 -0.22507457 -0.094000846 1.4234862 -1.8355782 1.49147
seq01_02/frame-001530 0.6281247 0.7526749 -0.15122814 -0.12676696 1.4354093 -1.8777586 1.44666
seq01_02/frame-001540 0.70486814 0.6444026 -0.1324781 -0.2652465 1.4904789 -1.7079136 1.48438
seq01_02/frame-001550 0.71367234 0.5709876 -0.22770512 -0.3358502 1.4586664 -1.8438348 1.57461
seq01_02/frame-001560 0.7012638 0.51332986 -0.3041586 -0.39013985 1.3581562 -1.858283 1.6391
seq01_02/frame-001570 0.6836677 0.5592733 -0.32957596 -0.33345395 1.2373521 -1.91092 1.65784
seq01_02/frame-001580 0.7154015 0.6166496 -0.2315702 -0.23306482 1.0791788 -1.9171401 1.56995
seq01_02/frame-001590 0.6497055 0.6434234 -0.31206238 -0.25788784 0.9793909 -2.0060608 1.60667
seq01_02/frame-001600 0.5474421 0.6372985 -0.43465418 -0.3243972 0.9907076 -2.063426 1.6824
seq01_02/frame-001610 0.43026212 0.62878484 -0.54147655 -0.35539737 0.9836057 -2.0436275 1.76954
seq01_02/frame-001620 -0.36860615 -0.5819268 0.6204886 0.37481272 1.0114044 -1.9765915 1.86674
seq01_02/frame-001630 -0.2993417 -0.50764567 0.6841134 0.42974326 1.0301864 -1.9252439 1.88047
seq01_02/frame-001640 -0.27479443 -0.4221296 0.73218656 0.458473 1.040579 -1.880599 1.89768
seq01_02/frame-001650 -0.5399565 -0.2427099 0.53744715 0.6005743 1.0834551 -2.338573 1.97537
seq01_02/frame-001660 -0.05316081 -0.66640645 0.7406227 0.067486696 -0.33599836 -0.9043613 1.83794
seq01_02/frame-001670 0.6177821 0.47219267 -0.40318722 -0.48251358 0.84411335 -1.9561224 1.78478
seq01_02/frame-001680 0.6899621 0.38497168 -0.29501086 -0.53732455 0.8438372 -1.9416898 1.75848
seq01_02/frame-001690 0.26702255 -0.4000266 -0.47630277 0.7360797 0.6142666 -2.1191077 0.430081
seq01_02/frame-001700 -0.62139267 0.7577629 -0.17698465 -0.09134015 0.90262955 -2.3539026 1.31506
seq01_02/frame-001710 0.8466607 -0.3501214 0.3926364 -0.08010841 -0.17912957 -0.4573493 1.36579
seq01_02/frame-001720 0.26347837 0.9229141 -0.0045837318 -0.2806916 3.245094 -1.5487976 1.62672
seq01_02/frame-001730 0.29159343 0.86491936 -0.29719058 -0.28029546 0.5210715 -1.560779 2.00639
seq01_02/frame-001740 0.5442963 0.71952 -0.30906054 -0.30085564 1.0288273 -1.2465355 1.64547
seq01_02/frame-001750 0.5462113 0.7684712 -0.25529215 -0.21431568 0.9937667 -1.0680673 1.53489
seq01_02/frame-001760 0.47556216 0.80616266 -0.28888252 -0.20121953 0.86048687 -0.94557244 1.52764
seq01_02/frame-001770 0.513611 0.7604367 -0.34197775 -0.20246212 0.86048555 -0.93990135 1.54082
seq01_02/frame-001780 0.497983 0.7775321 -0.2799321 -0.2628588 0.94429153 -1.1197127 1.56717
seq01_02/frame-001790 0.52537656 0.7389747 -0.31332254 -0.28235582 0.9737388 -1.0397807 1.54013
seq01_02/frame-001800 0.48777738 0.8145045 -0.017865194 -0.31358647 3.5349555 -1.1717485 1.67219
seq01_02/frame-001810 0.6598537 0.6265533 -0.25746325 -0.3251718 3.6893156 -0.99128956 1.63072
seq01_02/frame-001820 0.71272784 -0.45862556 0.4164181 0.32905555 -0.30836365 -0.86721396 1.48605
seq01_02/frame-001830 0.59323055 0.7184228 -0.2922508 -0.21572137 0.62668675 -1.3655998 1.60238
seq01_02/frame-001840 0.65255165 0.6807426 -0.29551402 -0.15309243 0.61810106 -1.3248891 1.5853
seq01_02/frame-001850 0.640929 -0.5292673 0.39203426 0.39420208 -0.30976012 -0.8708992 1.46184
seq01_02/frame-001860 -0.30188665 0.81342703 -0.45511967 0.2001675 0.8842338 0.52468896 1.64644
seq01_02/frame-001870 0.3407321 0.764473 0.43530455 -0.33165133 2.9670522 -1.8742322 2.29832
seq01_02/frame-001880 -0.6954237 0.15407073 -0.049119197 0.7001681 0.29941797 -1.8774579 1.8306
seq01_02/frame-001890 -0.55956864 -0.56282574 0.57357025 0.20279858 2.432286 1.451084 2.23716
seq01_02/frame-001900 -0.5562104 -0.41996706 -0.09945941 0.7101869 2.133787 0.17077616 2.2378
seq01_02/frame-001910 nan nan nan nan nan nan nan
seq01_02/frame-001920 nan nan nan nan nan nan nan
seq01_02/frame-001930 -0.37787843 -0.14496937 0.7271765 0.55444217 2.2551553 0.36913142 1.6505
seq01_02/frame-001940 -0.07647541 -0.51156527 -0.5101985 0.68713176 2.0498347 0.1239124 1.88248
seq01_02/frame-001950 -0.5143792 -0.14990817 0.34386808 0.77116555 3.3549142 -2.0160427 1.76775
seq01_02/frame-001960 -0.6430236 0.07669145 -0.06720865 0.75902706 1.2212905 -2.1556065 1.90196
seq01_02/frame-001970 0.70750666 -0.047700513 0.049179435 -0.70337784 1.4716152 -2.0966291 1.8302
seq01_02/frame-001980 0.7214421 -0.21870923 0.1648889 -0.6360025 1.3349875 -1.9874258 1.76888
seq01_02/frame-001990 0.7506288 -0.31440163 0.19250791 -0.5483144 1.42638 -1.8529388 1.74513
seq01_02/frame-002000 0.7486502 -0.31704748 0.18751259 -0.5512194 1.4900365 -1.7994478 1.73125
seq01_02/frame-002010 0.7515591 -0.30208224 0.21037671 -0.5474002 1.6532673 -1.7149085 1.70535
seq01_02/frame-002020 0.7459514 -0.3667683 0.24492669 -0.4990475 1.8641671 -1.6636276 1.70205
seq01_02/frame-002030 0.6327636 -0.5381434 0.38965848 -0.39771616 2.173589 -1.6349435 1.38547
seq01_02/frame-002040 0.5932674 -0.55932087 0.3983291 -0.42015225 2.3462958 -1.6007411 1.30216
seq01_02/frame-002050 0.6376515 -0.52932006 0.36020094 -0.42834118 2.4366093 -1.4574772 1.66404
seq01_02/frame-002060 0.8608266 -0.31640774 0.17123212 -0.3599211 2.498715 -1.2346685 1.58227
